#pragma once
#include <universal/blas/matrix.hpp>

/* 
 * Size         = 10 x 10 
 * Rank         = 10
 * Matrix Norm  = 1.336242e+03 
 * Cond.        = 5.173300e+01
 * symmetric    = YES
 * pos.def      = No 
 * Matrix ID    = 1524
 * NNZ          = 90
 * Kind: Undirected Weighted Graph
*/

sw::universal::blas::matrix<double> Stranke94 = {
{0.000000e+00, -2.150000e+02, 1.140000e+02, -8.900000e+01, -7.700000e+01, 9.400000e+01, -1.700000e+02, 1.760000e+02, 1.170000e+02, -2.100000e+02 },
 {-2.150000e+02, 0.000000e+00, -2.170000e+02, 1.340000e+02, 7.700000e+01, -1.500000e+02, 5.700000e+01, -2.530000e+02, -2.300000e+02, 4.900000e+01 },
 {1.140000e+02, -2.170000e+02, 0.000000e+00, -2.030000e+02, -8.000000e+01, 1.380000e+02, -1.090000e+02, 1.770000e+02, 1.800000e+02, -1.740000e+02 },
 {-8.900000e+01, 1.340000e+02, -2.030000e+02, 0.000000e+00, 1.570000e+02, -1.420000e+02, 1.730000e+02, -2.410000e+02, -2.540000e+02, 2.300000e+01 },
 {-7.700000e+01, 7.700000e+01, -8.000000e+01, 1.570000e+02, 0.000000e+00, -1.880000e+02, 1.700000e+02, -1.200000e+02, -1.600000e+02, -9.000000e+00 },
 {9.400000e+01, -1.500000e+02, 1.380000e+02, -1.420000e+02, -1.880000e+02, 0.000000e+00, -9.700000e+01, 1.400000e+02, 1.160000e+02, -1.060000e+02 },
 {-1.700000e+02, 5.700000e+01, -1.090000e+02, 1.730000e+02, 1.700000e+02, -9.700000e+01, 0.000000e+00, -1.840000e+02, -1.910000e+02, -6.000000e+00 },
 {1.760000e+02, -2.530000e+02, 1.770000e+02, -2.410000e+02, -1.200000e+02, 1.400000e+02, -1.840000e+02, 0.000000e+00, 2.350000e+02, -1.320000e+02 },
 {1.170000e+02, -2.300000e+02, 1.800000e+02, -2.540000e+02, -1.600000e+02, 1.160000e+02, -1.910000e+02, 2.350000e+02, 0.000000e+00, -1.640000e+02 },
 {-2.100000e+02, 4.900000e+01, -1.740000e+02, 2.300000e+01, -9.000000e+00, -1.060000e+02, -6.000000e+00, -1.320000e+02, -1.640000e+02, 0.000000e+00 },
 };